board: 1, dimension: 12, filling: 0.650000 
 type4 = 7, type5 = 7, type6 = 0, type7 = 0, type8 = 0, type9 = 0 
 
board: 2, dimension: 12, filling: 0.650000 
 type4 = 5, type5 = 5, type6 = 0, type7 = 0, type8 = 0, type9 = 0 
 
