board: 0, dimension: 6, filling: 0.900000 
 type1 = 0, type2 = 6, type3 = 6, type4 = 0, type5 = 0 
 
board: 1, dimension: 6, filling: 0.900000 
 type1 = 0, type2 = 6, type3 = 6, type4 = 0, type5 = 0 
 
